67
29
10
52
95
34
3
69
53
7
29
27
98
91
13
18
69
6
47
54
12
63
34
12
34
5
95
42
38
20
68
84
79
31
99
100
76
68
80
41
96
36
26
77
86
53
63
65
10
20
59
86
71
2
89
81
16
39
5
80
72
31
92
92
84
41
87
74
35
55
33
58
19
31
27
17
84
21
32
72
63
19
27
96
29
56
31
50
49
68
9
54
31
13
72
68
40
50
38
45
73
83
19
55
26
13
60
78
40
41
53
57
71
81
94
28
80
20
24
59
41
6
78
6
99
13
69
19
46
52
69
21
6
57
100
4
18
11
93
40
74
4
15
52
22
31
59
37
83
49
28
98
23
69
2
23
36
26
59
94
83
8
99
90
6
1
48
67
1
7
63
15
73
81
90
80
68
45
8
80
62
51
69
96
5
28
100
65
11
47
53
77
72
35
14
90
24
9
23
18
39
27
85
54
47
74
59
70
56
50
61
59
74
43
36
95
33
16
10
36
46
73
78
5
95
23
24
57
52
47
32
82
43
100
94
93
54
39
1
90
89
72
83
37
73
32
56
13
30
25
72
21
64
78
27
47
57
17
34
64
50
24
45
47
25
3
20
9
10
60
25
65
32
48
20
15
76
6
79
63
79
29
58
44
100
9
59
53
68
60
17
12
8
55
86
78
20
62
87
50
100
39
7
51
80
68
8
53
26
38
46
67
23
19
95
31
44
79
55
28
27
43
71
97
89
79
44
66
78
33
75
40
75
68
62
81
93
17
24
37
100
53
71
58
31
83
53
100
33
5
100
96
33
62
37
96
60
95
11
76
32
94
83
36
14
82
85
7
3
12
42
16
24
69
76
48
82
90
99
89
12
94
9
77
59
86
50
75
32
70
49
92
88
58
13
18
43
56
39
19
7
4
54
21
19
61
90
2
12
71
38
20
58
82
18
34
69
41
96
55
74
70
56
66
91
59
92
81
36
96
87
14
90
84
7
100
32
95
44
29
92
56
44
22
80
34
4
26
26
27
58
55
74
33
39
39
71
28
64
2
91
26
61
98
23
71
20
3
69
16
73
66
2
90
9
72
8
34
63
77
56
47
55
70
24
93
58
91
71
24
86
63
56
93
51
56
98
84
38
15
48
40
16
56
19
67
12
32
83
71
32
13
39
53
59
12
28
54
16
79
77
17
7
49
19
39
77
86
51
88
41
80
51
23
14
97
54
70
69
60
82
87
89
42
5
15
42
30
70
50
71
44
14
8
26
15
31
92
57
57
17
52
26
2
5
73
59
49
55
73
12
24
32
70
66
14
9
20
47
88
90
31
73
9
71
27
49
63
23
77
92
28
40
41
31
78
71
53
92
19
80
38
83
34
39
71
37
99
17
83
68
55
2
29
4
35
30
59
99
24
86
99
48
43
40
48
45
96
63
44
13
17
69
12
95
30
73
88
35
77
13
63
64
21
22
19
73
60
16
34
35
11
52
83
66
34
51
87
81
52
66
63
40
13
11
30
84
69
92
49
50
54
49
50
25
9
15
58
42
38
81
79
68
74
89
67
46
89
69
56
7
1
58
85
78
34
6
4
82
51
43
79
69
98
21
35
9
20
28
44
71
66
79
49
53
83
30
77
66
92
17
2
11
63
48
40
18
72
67
2
46
62
2
19
98
62
11
86
94
44
73
87
31
6
48
18
6
87
40
5
29
21
74
86
71
52
16
95
85
63
52
45
28
86
85
32
42
67
28
57
43
52
46
15
49
9
12
35
22
35
86
72
97
69
12
5
79
77
88
61
24
3
7
26
32
43
40
4
39
20
66
21
46
2
42
61
44
27
73
26
9
2
65
98
21
2
8
66
61
29
12
32
43
87
45
93
69
44
93
44
48
99
87
56
98
88
28
45
23
4
95
30
6
82
37
19
99
48
32
39
84
81
88
28
96
71
84
9
78
46
44
77
69
60
64
9
96
78
38
30
87
57
83
69
97
42
84
30
34
1
10
42
48
76
51
45
70
88
52
17
33
42
44
69
92
2
91
5
68
48
56
100
69
82
1
59
51
53
30
57
13
15
38
90
72
79
21
59
93
51
29
85
83
50
20
30
67
81
10
91
79
56
88
69
21
41
22
96
99
57
45
83
9
88
88
94
75
61
48
27
14
9
4
81
86
78
30
20
35
80
37
53
33
49
19
11
79
38
19
15
1
46
79
42
44
60
16
74
84
81
45
81
